66
Taftan 1 291 -999
Dalbandin 0 291 2 393.59 -999 
Mastung 1 393.59 3 204.4 42 190.73 -999
Quetta 2 204.4 4 127.83 5 162.34 6 187.97 -999
Chaman 3 127.83 -999
Sibbi 3 162.34 53 92.83 -999
Qila saifullah 3 187.97 7 146.16 24 72.01 -999
Zhob 6 146.16 8 209.85 -999
Der Aismail Khan 7 209.85 9 140.56 25 216.58 -999 
Bannu 8 140.56 10 134.96 -999
Kohat 9 134.96 11 71.38 66 174.87 -999
Peshawar 10 71.38 12 57.93 13 219.9 15 335.52 -999 
Torkham 11 57.93 -999
Dir 11 219.9 14 113.02 17 175.2 -999
chitral 13 113.02 -999
Naushehra 11 335.52 19 494.45 66 142.6 -999 
Kalam 17 68.54 -999
khwazakela 13 175.2 16 68.5 18 66.17 -999
Besham 19 121.21 20 353.71 -999
Manshera 15 494.45 18 121.21 20 718.26 -999
Chilas 18 353.71 21 135.4 -999 
Gilgit 22 146 23 210.97 -999
KhunjrabPass 21 146 -999
Skardu 21 210.97 -999
Loralai 6 72 25 275.15 -999
Dera Ghazi Khan 8 140.56 7 209.85 25 216.58 -999
Multan 27 76.99 25 95.06 59 237.95 -999
Lodhran 26 76.99 28 18.04 -999
Bahawalpur 27 18.04 29 194.59 -999
Rahim Yar Khan 28 194.59 30 134.01 -999
Ubauro 29 134.01 31 125.54 -999
Sukkur 30 125.54 32 155.5 40 67.1 52 78.5 -999 
Moro 31 155.5 33 110.6 -999
Hala 32 110.6 34 64.92 -999
Hyderabad 33 64.92 35 127.28 37 12.6 38 195.7 -999
Thatta 34 127.28 36 129.57 -999
Karachi 35 129.57 37 156.2 38 335.81 50 120.3 -999
Kotri 34 12.6 36 156.2 -999
Dadu 34 195.7 36 335.81 39 1317.78 -999
Larkana 38 1317.8 40 1127.98 -999 
Ratoduro 31 67.1 39 1127.98 41 649.2 -999
Khurdan 40 649.2 42 108.9 43 267.67 49 221.3 51 208.81 -999
Surab 2 190.73 41 108.9 43 180.2 -999
Basima 41 267.67 42 180.2 44 349.85 -999
Panjgar 43 349.85 47 242.76 -999
Gwadar 46 121.6 47 229.84 -999
Pasni 45 121.61 48 166.18 -999
Turbat 44 242.76 45 229.81 49 243.69 -999
Ormara 46 166.18 50 255.85 -999
Awaran 41 221.3 47 243.69 -999
Uthal 48 255.85 51 77.81 36 120.3 -999
Bela 41 208.87 50 77.81 -999
Jacababad 31 78.5 53 64.8 -999
Nuttal 5 42.83 52 164.8 -999
Mian Channu 55 44.58 56 120.18 -999
Khanawal 54 44.58 68 335.17 -999
Okara 54 120.18 57 129.38 -999 
Lahore 56 129.38 58 24.78 60 141.01 61 72.86 -999
Wagah 57 24.78 -999
Faisalabad 26 237.95 60 75.19 66 242.77 68 76.12 -999
Pindi Bhattian 57 141.01 59 75.19 62 109.38 -999
Gujranwala 62 34.18 -999
Wazirabad 60 109.38 61 34.18 67 73.31 -999
Muzaffar 64 299.58 -999
Kohala 63 670 65 89.41 -999 
Islamabad 64 89.41 66 28.61 -999
Rawalpindi 10 174.57 15 142.6 59 242.77 65 28.61 -999
Jehlum 62 73.31 65 122.04 -999
